    1     1  
    3     1  
    6     1  
   10     1  
   15     1  
   20     1  
   24     1  
   28     1  
   32     1  
   36     1  
   39     1  
   42     1  
   45     1  
   48     1  
   51     1  
   54     1  
   57     1  
   60     1  
   63     1  
   66     1  
   69     1  
   72     1  
   75     1  
   77     1  
   81     1  
   85     1  
   89     1  
   93     1  
   97     1  
  101     1  
  106     1  
  109     1  
  113     1  
  118     1  
  125     1  
  131     1  
  137     1  
  143     1  
  149     1  
  155     1  
  163     1  
  171     1  
  179     1  
  187     1  
  195     1  
  203     1  
  212     1  
  220     1  
  228     1  
  236     1  
  245     1  
  256     1  
  265     1  
  274     1  
  282     1  
  292     1  
  302     1  
  312     1  
  322     1  
  334     1  
  341     1  
  350     1  
  360     1  
  373     1  
  387     1  
  399     1  
  411     1  
  423     1  
  432     1  
  444     1  
  457     1  
  469     1  
  481     1  
  493     1  
  505     1  
  519     1  

    1     2  
    2     2  
    5     2  
    9     2  
   13     2  
   18     2  
   23     2  
   27     2  
   31     2  
   34     2  
   37     2  
   40     2  
   43     2  
   46     2  
   49     2  
   52     2  
   55     2  
   58     2  
   61     2  
   64     2  
   67     2  
   70     2  
   73     2  
   76     2  
   79     2  
   84     2  
   88     2  
   92     2  
   96     2  
  100     2  
  103     2  
  108     2  
  111     2  
  116     2  
  124     2  
  130     2  
  136     2  
  142     2  
  148     2  
  154     2  
  161     2  
  170     2  
  178     2  
  186     2  
  194     2  
  202     2  
  210     2  
  218     2  
  226     2  
  234     2  
  242     2  
  250     2  
  259     2  
  267     2  
  275     2  
  284     2  
  298     2  
  308     2  
  318     2  
  328     2  
  338     2  
  344     2  
  354     2  
  366     2  
  378     2  
  390     2  
  403     2  
  415     2  
  426     2  
  437     2  
  449     2  
  461     2  
  473     2  
  485     2  
  497     2  
  509     2  
  521     2  
  533     2  
  547     2  
  560     2  
  572     2  
  585     2  
  596     2  
  609     2  
  620     2  
  632     2  
  644     2  
  656     2  
  668     2  
  680     2  
  693     2  
  706     2  
  718     2  
  730     2  
  742     2  
  755     2  
  767     2  
  780     2  
  792     2  
  802     2  
  813     2  
  824     2  
  835     2  
  845     2  
  855     2  
  864     2  
  874     2  
  882     2  
  893     2  
  904     2  
  915     2  
  927     2  
  943     2  
  954     2  
  963     2  
  972     2  
  981     2  
  990     2  
  999     2  
 1008     2  
 1016     2  
 1025     2  
 1034     2  
 1040     2  
 1049     2  
 1058     2  
 1067     2  
 1076     2  
 1085     2  
 1094     2  
 1103     2  
 1112     2  
 1121     2  
 1129     2  
 1134     2  
 1142     2  
 1150     2  
 1158     2  
 1166     2  
 1174     2  
 1181     2  
 1189     2  
 1196     2  
 1202     2  
 1209     2  
 1216     2  
 1222     2  
 1228     2  
 1234     2  
 1241     2  
 1248     2  
 1255     2  
 1261     2  
 1266     2  
 1273     2  
 1280     2  
 1287     2  
 1294     2  
 1301     2  
 1307     2  
 1314     2  
 1320     2  
 1325     2  
 1333     2  
 1343     2  
 1350     2  
 1354     2  
 1357     2  
 1361     2  
 1366     2  
 1371     2  
 1379     2  
 1383     2  
 1389     2  
 1393     2  
 1399     2  
 1405     2  
 1411     2  
 1417     2  
 1423     2  
 1428     2  
 1434     2  
 1439     2  
 1445     2  
 1450     2  
 1456     2  
 1461     2  
 1468     2  
 1473     2  
 1478     2  
 1482     2  
 1485     2  
 1492     2  
 1498     2  
 1504     2  
 1510     2  
 1516     2  
 1521     2  
 1526     2  
 1532     2  
 1536     2  
 1542     2  
 1548     2  
 1551     2  
 1556     2  
 1562     2  
 1568     2  
 1573     2  
 1581     2  
 1586     2  
 1590     2  
 1593     2  
 1598     2  
 1603     2  
 1608     2  
 1613     2  
 1618     2  
 1623     2  
 1628     2  
 1633     2  
 1637     2  
 1644     2  
 1648     2  
 1652     2  
 1654     2  
 1658     2  
 1662     2  
 1666     2  
 1670     2  
 1674     2  
 1678     2  
 1682     2  
 1686     2  
 1690     2  
 1694     2  
 1698     2  
 1701     2  

 1701     3  
 1703     3  
 1704     3  

  519     4  
  531     4  
  543     4  
  553     4  
  565     4  
  577     4  
  588     4  
  602     4  
  614     4  
  626     4  
  637     4  
  649     4  
  661     4  
  673     4  
  685     4  
  697     4  
  709     4  
  721     4  
  733     4  
  744     4  
  757     4  
  769     4  
  782     4  
  794     4  
  804     4  
  815     4  
  825     4  
  836     4  
  847     4  
  857     4  
  867     4  
  877     4  
  889     4  
  902     4  
  914     4  
  925     4  
  936     4  
  947     4  
  958     4  
  967     4  
  975     4  
  984     4  
  993     4  
 1003     4  
 1012     4  
 1021     4  
 1031     4  
 1041     4  
 1051     4  
 1061     4  
 1071     4  
 1081     4  
 1091     4  
 1101     4  
 1110     4  
 1120     4  
 1130     4  
 1138     4  
 1147     4  
 1155     4  
 1164     4  
 1173     4  
 1182     4  
 1191     4  
 1199     4  
 1207     4  
 1214     4  
 1223     4  
 1230     4  
 1237     4  
 1245     4  
 1253     4  
 1260     4  
 1268     4  
 1276     4  
 1284     4  
 1292     4  
 1300     4  
 1308     4  
 1315     4  
 1322     4  
 1329     4  
 1339     4  
 1349     4  
 1355     4  
 1359     4  
 1365     4  
 1369     4  
 1375     4  
 1381     4  
 1390     4  
 1396     4  
 1402     4  
 1409     4  
 1415     4  
 1422     4  
 1429     4  
 1435     4  
 1441     4  
 1447     4  
 1453     4  
 1459     4  
 1465     4  
 1474     4  
 1479     4  
 1484     4  
 1489     4  
 1495     4  
 1501     4  
 1508     4  
 1515     4  
 1522     4  
 1528     4  
 1534     4  
 1540     4  
 1545     4  
 1549     4  
 1555     4  
 1561     4  
 1567     4  
 1574     4  
 1582     4  
 1587     4  
 1592     4  
 1597     4  
 1602     4  
 1607     4  
 1612     4  
 1617     4  
 1622     4  
 1627     4  
 1632     4  
 1638     4  
 1645     4  
 1649     4  
 1653     4  
 1657     4  
 1661     4  
 1665     4  
 1669     4  
 1673     4  
 1677     4  
 1681     4  
 1685     4  
 1689     4  
 1693     4  
 1697     4  
 1699     4  
 1702     4  
 1704     4  








